[coordinates]
latitude: 51.508118
longitude: -0.087738
